10287618
10287617
10287616
10287615
10287614
10287613
10287612
10287611
10287610
10287609
10287608
10287607
14749631
14749630
14749629
14749628
14749627
14749626
14749625
14749624
14749623
14749622
14749621
14749620
14749619
14749618
14749617
14749616
14749615
14749614
14749613
14749612
2861989
2861988
2861987
2861986
2861985
2861984
2861983
2861982
2861981
2861980
2861979
2861978
2861977
2861976
2861975
2861974
2861973
2861972
4440013
4440012
4440011
4440010
4440009
4440008
9185008
9185007
9185006
9185005
9185004
9185003
